top_repos/treeio, 403, 63655, 3458, 1887, 9198, 102, 12, 64, 96, 18, 9786, 229, 0, 0, 2, 0, 0, 87
top_repos/ChatBotCourse, 68, 14241, 781, 380, 243, 51, 8484, 401, 91, 13, 333, 19, 0, 0, 59, 7, 0, 8
top_repos/Unipath, 7, 1300, 61, 113, 627, 953, 4, 28, 22, 0, 8, 0, 0, 0, 27, 3, 0, 0
top_repos/animation_nodes, 474, 29932, 258, 17, 2369, 6, 632, 6687, 1181, 21, 1485, 1058, 0, 1, 29, 2, 0, 4
top_repos/blockcheck, 3, 1395, 109, 102, 0, 35, 62, 30, 28, 0, 169, 4, 0, 0, 4, 0, 0, 0
top_repos/picamera, 86, 21008, 1951, 5166, 2105, 22, 41, 711, 461, 133, 537, 33, 0, 0, 0, 22, 0, 0
top_repos/webassets, 138, 26024, 2619, 6503, 5320, 24, 158, 241, 172, 24, 367, 127, 0, 8, 9, 15, 0, 14
top_repos/qiskit-core, 200, 33484, 3041, 7245, 8441, 157, 4, 5, 4, 2, 630, 8, 0, 0, 0, 1, 0, 0
top_repos/lsbasi, 51, 10879, 630, 1125, 1254, 15, 12, 133, 11, 0, 10, 0, 0, 0, 0, 7, 0, 0
top_repos/tornadio2, 28, 3944, 650, 616, 543, 86, 19, 89, 10, 3, 72, 6, 0, 0, 0, 1, 0, 0
top_repos/domain_analyzer, 4, 4905, 840, 172, 0, 89, 56, 1523, 99, 2, 526, 148, 0, 0, 250, 0, 0, 67
top_repos/autobahn-python, 280, 48554, 8817, 7380, 8668, 104, 76, 79, 44, 80, 2823, 56, 0, 0, 0, 0, 0, 19
top_repos/yandex-tank, 117, 18666, 627, 827, 1863, 25, 0, 54, 0, 0, 594, 0, 0, 0, 0, 0, 0, 61
top_repos/brython, 1035, 391538, 58270, 40740, 245379, 125, 5127, 39869, 8690, 400, 4458, 1525, 0, 5, 841, 52, 0, 264
top_repos/bashplotlib, 7, 503, 14, 75, 0, 56, 0, 2, 0, 0, 20, 1, 0, 0, 0, 1, 0, 0
top_repos/zarp, 214, 51368, 4008, 4363, 0, 170, 951, 9851, 1956, 133, 2151, 751, 0, 73, 1727, 44, 0, 102
top_repos/logzero, 8, 1498, 286, 266, 455, 42, 0, 44, 0, 1, 75, 0, 0, 0, 0, 0, 0, 0
top_repos/deepvoice3_pytorch, 41, 7206, 582, 296, 737, 229, 24, 54, 8, 5, 337, 9, 0, 6, 25, 3, 0, 4
top_repos/pytest-django, 39, 4458, 182, 890, 2622, 48, 0, 0, 0, 0, 39, 0, 0, 0, 0, 0, 0, 0
top_repos/flask-restless, 54, 21652, 2834, 5884, 12623, 136, 0, 37, 3, 2, 9, 1, 0, 0, 0, 0, 0, 1
top_repos/flare-game, 4, 412, 52, 0, 0, 79, 27, 14, 12, 0, 9, 4, 0, 11, 3, 0, 0, 0
top_repos/mesa, 102, 8087, 552, 1464, 1671, 48, 26, 41, 4, 0, 168, 1, 0, 0, 0, 0, 0, 0
top_repos/NeteaseCloudMusic, 1, 184, 5, 0, 0, 3, 0, 6, 9, 0, 4, 1, 0, 0, 1, 0, 0, 0
top_repos/paramiko, 80, 26664, 2554, 5800, 6293, 100, 0, 20, 1, 9, 70, 42, 0, 0, 0, 0, 0, 0
top_repos/cookiecutter-pypackage, 12, 971, 311, 35, 340, 113, 8, 49, 0, 0, 24, 0, 0, 0, 4, 0, 0, 0
top_repos/image-analogies, 20, 1252, 97, 0, 0, 112, 15, 73, 0, 0, 153, 3, 0, 0, 0, 0, 0, 0
top_repos/research, 13, 2278, 104, 153, 0, 62, 728, 17, 19, 56, 162, 14, 0, 0, 3, 1, 0, 0
top_repos/pyjnius, 25, 1954, 220, 7, 950, 130, 9, 64, 15, 3, 46, 0, 0, 0, 5, 2, 0, 0
top_repos/XX-Mini, 101, 21322, 1587, 1949, 0, 116, 72, 321, 382, 80, 588, 87, 0, 0, 21, 5, 0, 12
top_repos/microservices, 10, 510, 3, 19, 0, 132, 1, 26, 7, 0, 3, 0, 0, 0, 1, 2, 0, 0
top_repos/tensorflow-talk-debugging, 14, 925, 102, 11, 0, 12, 55, 5, 65, 0, 58, 2, 0, 0, 0, 0, 0, 0
top_repos/Cura, 266, 40013, 6382, 945, 1948, 40, 80, 4720, 305, 37, 5886, 63, 0, 0, 87, 16, 0, 16
top_repos/chainerrl, 176, 21621, 1167, 2097, 6845, 53, 7, 0, 2, 5, 1, 9, 0, 0, 0, 0, 0, 27
top_repos/Flask-SuperAdmin, 49, 5482, 447, 524, 1326, 66, 18, 72, 31, 7, 90, 6, 0, 0, 1, 10, 0, 0
top_repos/matplotlib_for_papers, 27, 1424, 115, 0, 0, 824, 32, 43, 44, 0, 30, 28, 0, 0, 45, 1, 0, 0
top_repos/jobtastic, 21, 1569, 115, 225, 510, 421, 1, 0, 2, 3, 0, 1, 0, 0, 0, 0, 0, 0
top_repos/tensorlayer, 179, 37265, 4350, 9999, 3433, 97, 53, 229, 2, 14, 3494, 80, 0, 5, 4, 0, 0, 23
top_repos/anaconda, 282, 55871, 5819, 6784, 873, 77, 44, 239, 444, 29, 537, 1058, 0, 0, 21, 2, 0, 56
top_repos/DLTK, 47, 5650, 484, 920, 38, 91, 0, 0, 0, 14, 136, 0, 0, 0, 0, 0, 0, 0
top_repos/background, 2, 155, 22, 2, 0, 39, 0, 0, 1, 0, 2, 0, 0, 0, 1, 0, 0, 0
top_repos/SpookFlare, 6, 729, 14, 0, 0, 51, 7, 42, 23, 0, 82, 0, 0, 18, 7, 1, 0, 15
top_repos/magpie, 21, 1265, 196, 0, 190, 129, 11, 51, 25, 0, 21, 1, 0, 0, 4, 0, 0, 0
top_repos/librosa, 66, 25595, 1988, 3468, 7292, 79, 16, 134, 22, 11, 6, 9, 0, 0, 4, 1, 0, 0
top_repos/wger, 314, 38444, 5330, 41, 13097, 124, 12, 46, 8, 8, 1723, 1, 0, 0, 1, 0, 0, 0
top_repos/REST-auth, 1, 104, 9, 0, 0, 109, 0, 0, 0, 0, 0, 0, 0, 0, 0, 0, 0, 0
top_repos/line_profiler, 7, 971, 37, 114, 210, 301, 20, 33, 12, 0, 18, 0, 0, 0, 0, 0, 0, 0
top_repos/spark-deep-learning, 64, 7291, 1503, 1370, 2082, 349, 9, 69, 16, 3, 714, 4, 0, 0, 3, 1, 0, 0
top_repos/Pyro4, 214, 23324, 1550, 1215, 7118, 18, 11, 151, 46, 1, 35, 26, 0, 0, 6, 3, 4, 0
top_repos/algorithm-exercise, 9, 486, 31, 3, 0, 26, 0, 0, 2, 0, 6, 0, 0, 0, 8, 0, 0, 0
top_repos/htpwdScan, 15, 1542, 117, 5, 0, 118, 38, 98, 34, 1, 103, 24, 0, 0, 2, 4, 0, 9
top_repos/temporal-segment-networks, 14, 1257, 24, 79, 0, 255, 5, 16, 3, 12, 105, 0, 0, 0, 3, 5, 0, 0
top_repos/PoC, 4, 1044, 75, 0, 0, 0, 65, 187, 16, 1, 69, 1, 0, 6, 19, 0, 0, 0
top_repos/osqa, 277, 40547, 1227, 1716, 281, 6, 988, 2289, 843, 62, 12592, 244, 0, 50, 605, 58, 0, 67
top_repos/dropship, 4, 181, 40, 9, 0, 111, 19, 15, 6, 1, 2, 0, 0, 0, 17, 1, 0, 0
top_repos/grab, 124, 14507, 1529, 1212, 247, 87, 7, 257, 3, 2, 20, 0, 0, 0, 0, 0, 0, 0
top_repos/ydiff, 3, 1805, 113, 243, 849, 145, 0, 22, 0, 0, 0, 0, 0, 0, 0, 0, 0, 0
top_repos/Dash-User-Contributions, 9, 865, 84, 29, 0, 28, 88, 19, 5, 9, 168, 22, 0, 53, 29, 1, 0, 2
top_repos/twitter-scraper, 2, 183, 20, 3, 0, 37, 0, 7, 0, 0, 12, 0, 0, 0, 3, 0, 0, 0
top_repos/Firefly, 104, 7663, 591, 798, 575, 54, 73, 1562, 222, 21, 139, 30, 0, 7, 791, 67, 0, 16
top_repos/kalliope, 203, 16242, 1207, 2371, 6220, 46, 10, 21, 13, 0, 1562, 7, 0, 0, 37, 4, 0, 15
top_repos/backoff, 14, 2048, 106, 130, 1301, 240, 0, 2, 0, 0, 0, 0, 0, 0, 0, 0, 0, 0
top_repos/lemongraph, 22, 6374, 261, 16, 391, 203, 14, 143, 97, 5, 284, 16, 0, 5, 0, 1, 0, 7
top_repos/djangae, 610, 87987, 6796, 6554, 32039, 63, 153, 911, 429, 38, 8047, 57, 0, 0, 18, 30, 0, 51
top_repos/common-workflow-language, 41, 6141, 592, 228, 275, 236, 40, 44, 95, 11, 287, 10, 0, 0, 0, 0, 0, 3
top_repos/pint, 45, 12698, 759, 1392, 5675, 57, 62, 192, 55, 3, 638, 50, 0, 128, 19, 4, 0, 38
top_repos/keras-dcgan, 1, 163, 1, 0, 0, 25, 2, 0, 1, 0, 1, 0, 0, 0, 0, 0, 0, 0
top_repos/rasterio, 150, 23515, 961, 3649, 14078, 231, 24, 83, 51, 0, 262, 17, 0, 0, 11, 5, 0, 3
top_repos/htmlPy, 24, 1846, 197, 549, 330, 69, 6, 49, 2, 7, 0, 0, 0, 0, 0, 0, 0, 0
top_repos/NoSQLMap, 6, 2646, 105, 0, 0, 56, 9, 389, 22, 0, 146, 91, 0, 30, 5, 0, 0, 12
top_repos/iScript, 13, 8019, 486, 23, 0, 1010, 198, 382, 88, 20, 389, 80, 0, 0, 0, 0, 0, 11
top_repos/kartograph.py, 53, 6856, 603, 705, 54, 0, 1060, 9222, 1113, 636, 13568, 3074, 0, 0, 318, 53, 0, 53
top_repos/haipproxy, 45, 3240, 138, 303, 0, 107, 0, 1, 0, 0, 126, 1, 0, 0, 9, 6, 0, 0
top_repos/Quads, 1, 156, 2, 0, 0, 22, 0, 0, 17, 0, 0, 1, 0, 0, 0, 0, 0, 0
top_repos/pygraphistry, 15, 5297, 550, 1000, 369, 153, 15, 162, 83, 28, 214, 10, 0, 0, 32, 0, 0, 4
top_repos/marshmallow, 35, 12554, 446, 1100, 7476, 88, 68, 16, 243, 1, 342, 10, 0, 0, 0, 0, 0, 1
top_repos/API-Hour, 49, 1562, 275, 61, 27, 65, 16, 48, 19, 7, 88, 0, 0, 0, 21, 0, 0, 2
top_repos/zhao, 1, 301, 5, 0, 0, 70, 2, 76, 12, 0, 4, 0, 0, 0, 0, 0, 0, 0
top_repos/cinder, 1129, 471187, 30747, 33630, 239603, 23, 1, 179, 16, 296, 15, 14, 0, 0, 0, 1, 0, 12
top_repos/onetimepass, 5, 871, 175, 269, 0, 104, 6, 42, 1, 1, 9, 0, 0, 0, 0, 0, 0, 0
top_repos/vdirsyncer, 75, 10153, 321, 120, 3367, 37, 0, 0, 0, 0, 0, 3, 0, 0, 0, 0, 0, 0
top_repos/Design-Patterns-in-Python, 24, 1336, 105, 102, 0, 2, 68, 6, 53, 0, 6, 5, 1, 0, 0, 2, 0, 1
top_repos/guake, 27, 5606, 1083, 834, 107, 41, 0, 42, 0, 72, 0, 2, 0, 0, 0, 0, 0, 14
top_repos/apartment-finder, 4, 366, 54, 37, 0, 76, 0, 12, 8, 0, 26, 0, 0, 0, 1, 0, 0, 0
top_repos/cookiecutter-django-rest, 22, 641, 46, 21, 86, 45, 0, 0, 0, 0, 30, 0, 0, 0, 0, 0, 0, 0
top_repos/pybrain, 451, 38107, 3464, 5699, 3227, 21, 257, 3000, 508, 32, 2158, 423, 0, 19, 1142, 194, 0, 0
top_repos/personal-sites, 0, 0, 0, 0, 0, 655, 0, 0, 0, 0, 0, 0, 0, 0, 0, 0, 0, 0
top_repos/open-reid, 50, 3027, 209, 49, 234, 20, 5, 16, 1, 1, 15, 7, 0, 0, 1, 2, 0, 0
top_repos/PlexConnect, 14, 4506, 551, 422, 0, 71, 26, 618, 134, 19, 418, 78, 0, 7, 540, 0, 0, 12
top_repos/bi-att-flow, 51, 7153, 238, 190, 0, 132, 3, 7, 18, 0, 738, 15, 0, 0, 10, 11, 0, 0
top_repos/tern_for_vim, 1, 477, 10, 0, 0, 48, 211, 17, 34, 2, 9, 29, 0, 0, 0, 0, 0, 1
top_repos/cppimport, 14, 765, 31, 26, 135, 94, 5, 109, 54, 0, 20, 1, 0, 0, 0, 0, 0, 0
top_repos/python-lambda, 8, 878, 60, 106, 0, 133, 0, 4, 0, 0, 2, 0, 0, 0, 0, 0, 0, 0
top_repos/django-secure, 20, 1549, 141, 165, 840, 68, 0, 40, 113, 1, 19, 4, 0, 0, 0, 0, 0, 0
top_repos/WeRoBot, 54, 9267, 338, 2483, 4394, 67, 6, 44, 7, 1, 125, 10, 0, 0, 0, 0, 0, 0
top_repos/nsupdate.info, 72, 6223, 672, 699, 990, 51, 8, 40, 0, 48, 530, 1, 0, 0, 0, 0, 0, 0
top_repos/labs, 22, 1990, 451, 253, 0, 26, 8, 31, 5, 0, 92, 10, 0, 0, 4, 2, 0, 2
top_repos/drcom-generic, 27, 9396, 1731, 64, 1844, 64, 653, 3422, 439, 17, 187, 112, 0, 901, 306, 11, 0, 0
top_repos/twython, 26, 3950, 356, 1191, 1101, 133, 16, 57, 1, 2, 139, 2, 0, 0, 1, 3, 0, 12
top_repos/budou, 11, 1600, 183, 204, 777, 162, 259, 4, 12, 2, 7, 12, 0, 0, 1, 2, 0, 0
top_repos/Python-100-Days, 227, 8111, 718, 1436, 210, 207, 7, 189, 3, 0, 74, 0, 0, 1367, 12, 5, 0, 1
top_repos/pgoapi, 416, 48044, 1980, 314, 0, 53, 14, 3658, 565, 2275, 4001, 14, 0, 9, 22, 0, 0, 0
top_repos/coala, 337, 39671, 1351, 8736, 18724, 28, 7, 15, 7, 4, 85, 0, 0, 0, 4, 0, 0, 0
top_repos/neural-style, 3, 527, 34, 9, 0, 105, 57, 23, 10, 0, 37, 2, 0, 0, 0, 0, 0, 0
top_repos/calibre-web, 15, 6009, 236, 87, 0, 0, 62, 45, 9, 2, 748, 11, 0, 0, 0, 0, 0, 12
top_repos/onionshare, 30, 6979, 537, 1227, 907, 12, 11, 36, 60, 31, 642, 26, 0, 0, 0, 0, 0, 22
top_repos/Metrics, 16, 1001, 10, 461, 203, 66, 4, 367, 29, 0, 11, 0, 0, 3, 18, 0, 0, 0
top_repos/aws-sam-cli, 191, 16654, 795, 2459, 9845, 612, 0, 4, 6, 0, 1462, 0, 0, 0, 11, 4, 0, 0
top_repos/pyecharts, 102, 11498, 343, 1727, 5499, 132, 0, 0, 0, 0, 3, 0, 0, 0, 0, 0, 0, 0
top_repos/Lector, 59, 31469, 2230, 532, 0, 71, 28, 1366, 131, 73, 1100, 9, 0, 0, 1, 5, 0, 0
top_repos/dockerscan, 56, 3501, 489, 143, 133, 71, 1, 52, 11, 0, 24, 0, 0, 0, 19, 0, 0, 3
top_repos/science_rcn, 8, 1156, 37, 419, 0, 53, 0, 0, 1, 0, 76, 0, 0, 0, 13, 0, 0, 0
top_repos/flask-base, 22, 1558, 24, 55, 158, 127, 1, 0, 0, 0, 0, 0, 0, 0, 0, 0, 0, 0
top_repos/ta-lib, 15, 2251, 92, 182, 791, 333, 203, 176, 44, 1, 93, 4, 0, 0, 1, 1, 0, 12
top_repos/kaggle-galaxies, 49, 16191, 2756, 566, 13, 66, 76, 1034, 232, 8, 2206, 12, 0, 0, 182, 2, 0, 0
top_repos/plasma, 76, 17273, 1654, 224, 103, 51, 240, 141, 445, 1, 206, 60, 0, 0, 19, 2, 0, 10
top_repos/deep-siamese-text-similarity, 6, 777, 80, 25, 0, 116, 14, 216, 10, 0, 94, 10, 0, 0, 19, 1, 0, 0
top_repos/note, 7, 224, 15, 22, 29, 72, 7, 39, 10, 0, 22, 1, 0, 0, 4, 2, 0, 0
top_repos/EvalAI, 186, 15488, 634, 270, 7181, 106, 0, 6, 1, 0, 1075, 19, 0, 0, 0, 0, 0, 0
top_repos/mobile-chrome-apps, 16, 4483, 434, 1006, 0, 34, 52, 2618, 274, 12, 715, 503, 0, 36, 81, 0, 0, 97
top_repos/django-anymail, 85, 19478, 2365, 1577, 11727, 105, 0, 0, 0, 0, 2741, 0, 0, 0, 0, 0, 0, 0
top_repos/django-mobile, 19, 1068, 55, 11, 332, 281, 4, 36, 5, 3, 58, 0, 0, 0, 0, 1, 0, 3
top_repos/hyperas, 21, 1665, 45, 140, 436, 186, 0, 2, 10, 0, 69, 1, 0, 0, 2, 0, 0, 0
top_repos/django-vanilla-views, 20, 1603, 128, 115, 572, 204, 7, 6, 4, 1, 51, 2, 0, 0, 1, 0, 0, 0
top_repos/text-detection-ctpn, 42, 3718, 486, 200, 115, 76, 44, 552, 78, 13, 209, 16, 0, 0, 12, 5, 0, 0
top_repos/tensorflow_template_application, 48, 4255, 257, 190, 4, 108, 1188, 61, 6, 34, 76, 12, 0, 0, 23, 1, 0, 0
top_repos/green, 40, 7077, 478, 1371, 4130, 26, 109, 222, 15, 10, 102, 53, 0, 0, 0, 0, 0, 1
top_repos/topaz, 171, 39953, 617, 7012, 16293, 18, 130, 42, 0, 2, 1057, 18, 0, 0, 0, 0, 0, 39
top_repos/gramps, 1150, 324274, 58077, 45111, 18110, 114, 5103, 25795, 2912, 2729, 3141, 621, 0, 0, 10, 91, 0, 562
top_repos/Flask-Boost, 41, 1313, 132, 79, 32, 181, 14, 12, 3, 22, 39, 1, 0, 0, 10, 2, 0, 0
top_repos/PyPattyrn, 43, 2999, 29, 1098, 1960, 686, 0, 0, 0, 0, 127, 9, 0, 0, 0, 4, 0, 0
top_repos/bakthat, 15, 2699, 329, 427, 365, 180, 8, 87, 7, 1, 176, 4, 0, 0, 1, 0, 0, 0
top_repos/latex-to-html5, 2, 282, 23, 0, 60, 29, 1, 21, 0, 0, 8, 0, 0, 0, 2, 0, 0, 0
top_repos/TCN, 23, 1765, 71, 34, 1098, 36, 9, 1, 2, 15, 113, 1, 0, 0, 14, 5, 0, 0
top_repos/BDFProxy, 1, 884, 43, 32, 0, 123, 0, 3, 1, 0, 161, 2, 0, 0, 0, 0, 0, 0
top_repos/subliminal, 52, 8982, 735, 802, 3468, 62, 8, 46, 2, 1, 800, 7, 0, 0, 0, 0, 0, 16
top_repos/JARVIS-on-Messenger, 64, 1771, 31, 0, 248, 110, 3, 0, 0, 0, 150, 20, 0, 0, 0, 0, 0, 0
top_repos/Spirit, 300, 22326, 959, 1691, 9550, 31, 11, 2, 3, 0, 1206, 1, 0, 0, 10, 6, 0, 0
top_repos/django-api-rest-and-angular, 22, 692, 84, 19, 0, 0, 1, 3, 1, 3, 47, 0, 0, 0, 0, 0, 0, 0
top_repos/workshop, 7, 164, 0, 0, 0, 63, 0, 3, 15, 1, 1, 2, 0, 0, 2, 0, 0, 0
top_repos/picard, 166, 48611, 3364, 879, 3185, 13, 113, 224, 72, 59, 1757, 45, 0, 0, 0, 29, 0, 0
top_repos/django-rules, 33, 2062, 120, 192, 885, 673, 2, 0, 1, 0, 77, 0, 0, 0, 0, 0, 0, 0
top_repos/pykka, 29, 3571, 82, 762, 1473, 268, 0, 0, 0, 0, 0, 1, 0, 0, 0, 0, 0, 0
top_repos/pyusb, 25, 7780, 851, 1214, 1328, 38, 90, 381, 178, 7, 147, 10, 0, 0, 2, 5, 0, 0
top_repos/httpolice, 71, 10577, 931, 764, 1722, 43, 12, 365, 129, 0, 3, 25, 0, 0, 4, 0, 0, 0
top_repos/PyExecJS, 14, 1052, 34, 153, 142, 102, 0, 7, 12, 0, 42, 1, 0, 0, 0, 0, 0, 0
top_repos/bcbio-nextgen, 303, 53731, 1657, 7523, 1323, 125, 371, 404, 2465, 29, 5023, 66, 0, 1, 17, 18, 0, 40
top_repos/donkey, 44, 5024, 271, 232, 361, 42, 41, 438, 150, 9, 167, 35, 0, 4, 386, 20, 0, 0
top_repos/StarGAN, 5, 884, 117, 29, 0, 117, 0, 3, 2, 0, 145, 2, 0, 0, 20, 0, 0, 0
top_repos/BiliDan, 1, 616, 51, 6, 0, 62, 0, 0, 0, 16, 109, 0, 0, 0, 0, 0, 0, 0
top_repos/django-paypal, 41, 2738, 196, 254, 244, 2, 27, 37, 20, 0, 470, 1, 0, 17, 228, 1, 0, 6
top_repos/devol, 4, 498, 45, 18, 0, 0, 18, 4, 2, 0, 38, 2, 0, 0, 4, 0, 0, 0
top_repos/word-rnn-tensorflow, 9, 681, 40, 45, 117, 111, 44, 38, 12, 0, 54, 0, 0, 0, 2, 0, 0, 3
top_repos/django-tables2, 81, 11197, 472, 30, 5778, 59, 0, 0, 0, 0, 463, 1, 0, 0, 0, 0, 0, 1
top_repos/python-spider, 39, 4740, 520, 703, 263, 213, 86, 1012, 80, 10, 296, 17, 1, 2118, 185, 3, 0, 17
top_repos/ChinaDNS-Python, 5, 520, 31, 4, 50, 71, 0, 0, 0, 6, 0, 0, 0, 0, 0, 0, 0, 0
top_repos/PGPortfolio, 59, 4438, 153, 440, 83, 39, 22, 415, 65, 0, 310, 15, 0, 0, 5, 21, 0, 0
top_repos/finmarketpy, 29, 5567, 798, 614, 2671, 195, 38, 520, 19, 25, 900, 80, 0, 1, 36, 1, 0, 0
top_repos/tpot, 40, 9012, 385, 2423, 3589, 144, 36, 24, 27, 0, 752, 0, 0, 0, 0, 0, 0, 11
top_repos/redis-py-cluster, 28, 7820, 580, 1126, 4383, 31, 8, 49, 1, 1, 392, 0, 0, 0, 0, 1, 0, 3
top_repos/channels-examples, 28, 872, 116, 105, 0, 9, 1, 7, 0, 0, 11, 0, 0, 0, 0, 0, 0, 0
top_repos/AutoRCCar, 9, 861, 87, 20, 150, 50, 4, 28, 7, 0, 47, 0, 0, 0, 23, 0, 0, 0
top_repos/BeRoot, 41, 6312, 574, 5, 0, 12, 52, 530, 58, 0, 514, 49, 0, 1960, 281, 9, 0, 32
top_repos/impacket, 235, 134756, 13283, 1312, 19212, 70, 6127, 29683, 4535, 118, 19014, 493, 1, 99, 3681, 83, 0, 357
top_repos/talon, 29, 4314, 322, 1023, 2186, 93, 14, 16, 19, 0, 34, 2, 0, 3, 5, 1, 0, 92
top_repos/Personae, 43, 3508, 319, 0, 0, 137, 0, 0, 0, 0, 252, 0, 0, 0, 1, 4, 0, 0
top_repos/MuGo, 14, 2433, 102, 0, 968, 68, 5, 23, 83, 1, 108, 11, 0, 0, 7, 2, 0, 0
top_repos/MonkeyType, 30, 5054, 344, 356, 2175, 73, 0, 2, 0, 0, 206, 0, 0, 0, 0, 0, 0, 0
top_repos/tablib, 38, 8013, 616, 2098, 967, 111, 69, 716, 131, 54, 211, 8, 0, 0, 22, 3, 0, 9
top_repos/android-plus-plus, 2661, 888003, 127445, 113958, 416616, 0, 8963, 82977, 21801, 1212, 7976, 5048, 0, 0, 52, 11, 0, 2376
top_repos/mochi, 29, 7030, 307, 90, 115, 621, 13, 85, 13, 0, 214, 11, 0, 0, 5, 2, 0, 0
top_repos/kamene, 121, 53346, 5133, 2997, 67, 81, 1609, 9009, 2085, 98, 1691, 491, 0, 140, 1300, 45, 0, 46
top_repos/Memcrashed-DDoS-Exploit, 1, 181, 4, 0, 0, 33, 0, 19, 3, 1, 47, 0, 0, 0, 3, 0, 0, 0
top_repos/xsscrapy, 11, 1995, 345, 24, 0, 73, 11, 95, 13, 0, 168, 10, 0, 0, 6, 2, 0, 3
top_repos/One-Lin3r, 8, 528, 57, 23, 0, 80, 22, 275, 30, 4, 20, 12, 0, 327, 0, 1, 0, 0
top_repos/pycryptodome, 171, 43748, 6989, 7206, 20594, 56, 1882, 1529, 326, 11, 882, 196, 0, 4, 41, 17, 0, 21
top_repos/backtrader, 341, 55381, 10763, 142, 7898, 159, 1, 0, 7, 2, 85, 43, 0, 0, 0, 1, 0, 6
top_repos/mergepbx, 58, 14259, 1457, 2269, 661, 72, 261, 578, 860, 41, 201, 54, 0, 122, 483, 6, 0, 1
top_repos/speedcomplainer, 2, 189, 5, 0, 0, 46, 3, 15, 9, 0, 20, 0, 0, 0, 2, 1, 0, 0
top_repos/music-player, 981, 171585, 7308, 3619, 119650, 62, 867, 6619, 3550, 234, 9127, 796, 0, 7940, 353, 15, 0, 63
top_repos/overholt, 46, 2248, 227, 456, 183, 55, 63, 52, 3, 11, 29, 0, 0, 0, 0, 0, 0, 0
top_repos/maya, 10, 1373, 122, 19, 993, 114, 3, 0, 1, 1, 2, 0, 0, 0, 0, 1, 0, 0
top_repos/tox, 24, 9961, 285, 1793, 5859, 36, 0, 8, 0, 0, 323, 0, 0, 0, 0, 0, 0, 1
top_repos/Bad-Pdf, 1, 0, 0, 0, 0, 27, 0, 0, 0, 0, 0, 0, 0, 0, 0, 0, 0, 0
top_repos/django-deployment-workshop, 2, 178, 27, 19, 0, 80, 6, 9, 6, 0, 10, 0, 0, 5, 12, 1, 0, 0
top_repos/uscode, 1, 98, 4, 16, 0, 41, 2, 16, 7, 0, 0, 0, 0, 1, 3, 1, 0, 1
top_repos/OpenNMT-py, 54, 10423, 672, 2144, 589, 95, 0, 3, 0, 0, 56, 3, 0, 0, 1, 0, 0, 2
top_repos/fireplace, 147, 25915, 744, 1770, 11222, 17, 0, 2, 0, 0, 124, 34, 0, 15872, 0, 0, 0, 0
top_repos/MobileNet, 80, 16838, 1554, 3022, 4118, 94, 3518, 146, 60, 2, 396, 71, 0, 0, 27, 12, 0, 0
top_repos/RocketMap, 28, 12330, 1574, 54, 29, 29, 0, 1, 0, 1, 1, 0, 0, 0, 0, 0, 0, 12
top_repos/NiftyNet, 273, 45136, 2601, 5610, 14667, 98, 141, 1080, 98, 16, 403, 27, 0, 0, 28, 6, 0, 14
top_repos/pew, 25, 1804, 34, 33, 719, 266, 3, 11, 23, 3, 50, 2, 0, 0, 2, 0, 0, 0
top_repos/py2neo, 61, 14478, 1323, 1541, 5758, 44, 6, 61, 0, 1, 605, 2, 0, 0, 6, 0, 0, 13
top_repos/python-elevator-challenge, 1, 63, 1, 36, 0, 445, 0, 0, 1, 0, 3, 0, 0, 0, 0, 0, 0, 0
top_repos/shell-functools, 23, 1286, 39, 20, 181, 256, 3, 2, 0, 0, 10, 0, 0, 0, 0, 1, 0, 1
top_repos/poincare-embeddings, 6, 646, 59, 24, 0, 45, 0, 0, 0, 1, 17, 0, 0, 0, 0, 0, 0, 0
top_repos/quotesbot, 7, 170, 87, 0, 0, 27, 0, 27, 0, 0, 8, 0, 0, 0, 0, 2, 0, 0
top_repos/tensorflow-101, 128, 20274, 1664, 2285, 2828, 44, 1946, 1153, 139, 53, 795, 76, 0, 0, 87, 9, 0, 4
top_repos/pixie, 55, 10419, 331, 247, 394, 66, 25, 107, 671, 89, 293, 2, 0, 0, 33, 11, 0, 2
top_repos/uncompyle2, 56, 74314, 925, 119, 66689, 59, 255, 1169, 165, 11, 208, 143, 0, 38, 342, 3, 0, 35
top_repos/pyzabbix, 9, 624, 51, 48, 112, 90, 0, 2, 1, 0, 17, 0, 0, 0, 4, 0, 0, 0
top_repos/evilginx, 1, 702, 19, 21, 0, 110, 0, 9, 28, 0, 63, 12, 0, 0, 8, 0, 0, 0
top_repos/BrowserRefresh-Sublime, 57, 33421, 16081, 2305, 4047, 70, 190, 13309, 448, 66, 156, 8, 0, 3, 147, 30, 0, 15
top_repos/dl-docker, 1, 27, 15, 0, 0, 112, 0, 0, 0, 0, 0, 0, 0, 0, 0, 0, 0, 0
top_repos/practice-python, 50, 2718, 112, 171, 201, 4, 1, 0, 8, 0, 38, 6, 0, 0, 2, 0, 0, 0
top_repos/causality, 20, 1997, 21, 250, 237, 82, 45, 403, 44, 0, 285, 9, 0, 0, 76, 2, 0, 0
top_repos/Loki, 12, 3935, 556, 139, 0, 274, 20, 117, 32, 36, 478, 11, 0, 0, 9, 2, 0, 25
top_repos/fuel, 103, 14954, 696, 3847, 5165, 33, 0, 0, 2, 1, 1, 5, 0, 0, 0, 1, 0, 0
top_repos/theZoo, 13, 2874, 302, 234, 0, 102, 94, 65, 63, 4, 159, 9, 0, 281, 31, 0, 0, 41
top_repos/twitter, 23, 4453, 206, 692, 356, 266, 24, 82, 85, 41, 57, 9, 0, 0, 3, 2, 0, 5
top_repos/python-iptables, 13, 5991, 472, 296, 1896, 435, 0, 37, 7, 1, 17, 21, 0, 0, 0, 0, 0, 7
top_repos/deep-neuroevolution, 60, 8284, 309, 506, 0, 61, 32, 128, 170, 8, 735, 30, 0, 0, 14, 5, 0, 0
top_repos/PyCNN, 5, 590, 24, 222, 124, 150, 0, 0, 0, 0, 0, 4, 0, 0, 0, 0, 0, 0
top_repos/PyMySQL, 43, 8182, 647, 678, 2570, 93, 143, 487, 62, 6, 225, 35, 0, 0, 11, 1, 0, 0
top_repos/rpyc, 58, 7235, 487, 1322, 1118, 31, 108, 819, 331, 6, 398, 22, 0, 0, 0, 20, 0, 1
top_repos/python-unicodecsv, 6, 390, 8, 47, 26, 19, 12, 1, 5, 0, 4, 0, 0, 0, 0, 1, 0, 0
top_repos/ranger, 107, 19862, 1430, 2021, 338, 88, 0, 43, 0, 0, 436, 0, 0, 0, 0, 0, 0, 0
top_repos/mediadrop, 365, 25825, 2528, 4803, 3396, 9, 621, 790, 610, 98, 805, 51, 0, 32, 556, 57, 0, 87
top_repos/Awesome-Chatbot, 1, 4, 3, 0, 0, 77, 0, 0, 0, 0, 0, 0, 0, 0, 1, 0, 0, 0
top_repos/littlechef, 16, 2844, 206, 325, 929, 298, 2, 53, 5, 3, 25, 5, 0, 0, 1, 1, 0, 0
top_repos/facerec, 33, 3883, 518, 461, 0, 629, 75, 630, 130, 82, 268, 22, 0, 161, 323, 2, 0, 0
top_repos/python-broadlink, 2, 924, 103, 11, 0, 70, 270, 114, 5, 0, 38, 0, 0, 0, 11, 0, 0, 0
top_repos/ECDICT, 3, 3265, 238, 0, 0, 144, 7, 591, 29, 1, 7, 24, 0, 2858, 24, 3, 0, 0
top_repos/pyperclip, 4, 1137, 239, 55, 190, 17, 10, 69, 9, 5, 16, 2, 0, 0, 1, 1, 0, 0
top_repos/lbry, 193, 29277, 1361, 3849, 5939, 27, 44, 244, 65, 18, 2406, 26, 0, 0, 56, 9, 0, 10
top_repos/osx-gcc-installer, 1, 49, 1, 0, 0, 43, 0, 0, 2, 0, 3, 0, 0, 0, 2, 0, 0, 0
top_repos/web_develop, 244, 10772, 424, 122, 349, 36, 568, 54, 59, 26, 105, 9, 0, 0, 1, 1, 0, 12
top_repos/visidata, 53, 7761, 475, 0, 165, 61, 158, 333, 248, 3, 709, 72, 0, 0, 1, 7, 0, 60
top_repos/networkx, 524, 119012, 9405, 44293, 38022, 47, 7, 129, 15, 31, 889, 170, 0, 0, 147, 0, 0, 39
top_repos/django-filer, 111, 9488, 772, 524, 74, 19, 20, 67, 27, 3, 494, 13, 0, 0, 0, 0, 0, 0
top_repos/pyminifier, 11, 2853, 442, 525, 59, 184, 13, 160, 51, 10, 63, 4, 0, 0, 0, 0, 0, 5
top_repos/netbox, 290, 36818, 1931, 1417, 6524, 29, 0, 0, 0, 0, 3213, 6, 0, 0, 0, 0, 0, 33
top_repos/Shapely, 142, 15735, 1389, 1714, 4065, 112, 26, 270, 154, 40, 154, 24, 0, 155, 123, 26, 0, 42
top_repos/wttr.in, 8, 1981, 33, 342, 0, 187, 570, 5110, 35, 11, 106, 7, 0, 12, 23, 5, 0, 7
top_repos/ansible-container, 51, 28322, 12547, 20162, 235, 48, 38, 64, 116, 143, 727, 10, 0, 0, 13, 12, 0, 0
top_repos/douban.fm, 41, 3367, 320, 425, 0, 113, 3, 132, 7, 2, 31, 8, 0, 0, 0, 1, 0, 1
top_repos/CTags, 13, 2944, 229, 601, 718, 130, 0, 3, 25, 3, 29, 0, 0, 0, 0, 0, 0, 1
top_repos/Anubis, 28, 1283, 75, 57, 242, 239, 326, 4, 1, 0, 37, 3, 0, 0, 4, 1, 0, 3
top_repos/vim-wakatime, 392, 128080, 13136, 13215, 208, 54, 10632, 59055, 261, 33, 5437, 69, 0, 0, 20, 14, 0, 297
top_repos/configuration, 382, 142285, 12761, 7325, 167, 43, 2489, 1796, 1095, 1, 4375, 332, 0, 33, 116, 2, 0, 34
top_repos/open_exoplanet_catalogue, 3, 835, 96, 5, 0, 148, 7, 108, 11, 8, 81, 14, 0, 152, 12, 1, 0, 9
top_repos/Winpayloads, 13, 1816, 53, 97, 0, 22, 9, 318, 64, 1, 218, 20, 0, 0, 0, 0, 0, 27
top_repos/term2048, 13, 1790, 90, 126, 1006, 65, 3, 4, 22, 8, 1, 8, 0, 0, 0, 0, 0, 0
top_repos/dj-database-url, 3, 590, 28, 57, 342, 69, 0, 1, 0, 0, 32, 0, 0, 0, 0, 0, 0, 0
top_repos/SoCo, 56, 16436, 2002, 4445, 4536, 164, 10, 10, 9, 6, 47, 3, 0, 0, 3, 1, 0, 0
top_repos/zato, 940, 223083, 44422, 30453, 12735, 15, 2002, 33723, 5329, 354, 11036, 375, 0, 0, 489, 16, 0, 81
top_repos/flask-sqlalchemy, 21, 2693, 187, 361, 960, 25, 2, 26, 1, 0, 32, 0, 0, 0, 0, 0, 0, 1
top_repos/pigar, 28, 2426, 114, 106, 532, 28, 0, 0, 0, 0, 0, 6, 0, 0, 0, 0, 0, 0
top_repos/cider, 13, 2418, 51, 30, 914, 87, 0, 0, 3, 0, 0, 1, 0, 0, 0, 0, 0, 0
top_repos/python-sdk, 69, 46580, 1232, 14288, 6626, 191, 44, 59, 85, 1, 4825, 6, 0, 0, 0, 0, 0, 0
top_repos/open-event, 5, 176, 0, 0, 0, 44, 2, 141, 0, 2, 6, 1, 0, 123, 6, 1, 0, 0
top_repos/enjarify, 38, 70876, 1447, 0, 86, 30, 9, 107, 225, 8, 156, 2, 0, 84, 1, 0, 0, 0
top_repos/PyBitmessage, 143, 34727, 2683, 1365, 258, 26, 239, 674, 251, 48, 314, 205, 0, 1, 157, 9, 0, 6
top_repos/Cactus, 125, 8412, 483, 1073, 2265, 187, 40, 175, 97, 7, 374, 27, 0, 0, 5, 2, 0, 2
top_repos/glue, 30, 3965, 217, 180, 1806, 65, 16, 55, 5, 2, 137, 0, 0, 0, 0, 1, 0, 1
top_repos/machine_learning_examples, 308, 40568, 7787, 10, 264, 47, 5855, 1909, 709, 78, 872, 12, 0, 6, 214, 94, 0, 5
top_repos/rickify, 1, 12, 0, 0, 0, 27, 0, 1, 1, 0, 0, 0, 0, 0, 0, 0, 0, 0
top_repos/osm2vectortiles, 9, 1190, 14, 166, 0, 32, 5, 3, 4, 0, 9, 1, 0, 0, 1, 0, 0, 1
top_repos/drozer, 257, 21901, 571, 3623, 3481, 121, 187, 404, 294, 10, 1786, 331, 0, 62, 2006, 96, 0, 35
top_repos/sof-elk, 6, 956, 88, 80, 0, 25, 40, 264, 16, 0, 124, 28, 0, 0, 12, 0, 0, 15
top_repos/subuser, 78, 7563, 537, 1457, 22, 58, 2270, 2308, 180, 7, 819, 37, 0, 0, 6, 10, 0, 0
top_repos/vprof, 26, 2614, 58, 284, 512, 95, 3, 7, 3, 13, 8, 3, 0, 3, 0, 0, 0, 0
top_repos/documentation, 0, 0, 0, 0, 0, 28, 0, 0, 0, 0, 0, 0, 0, 0, 0, 0, 0, 0
top_repos/cppman, 12, 1755, 350, 32, 12, 63, 16, 28, 10, 1, 13, 5, 0, 0, 1, 0, 0, 28
top_repos/tmux2html, 7, 1314, 32, 95, 0, 115, 0, 0, 0, 0, 11, 2, 0, 0, 0, 0, 0, 0
top_repos/GitHack, 3, 246, 24, 8, 0, 13, 1, 4, 0, 0, 9, 3, 0, 0, 3, 1, 0, 1
top_repos/WindowsExploits, 11, 2656, 323, 236, 0, 2, 133, 522, 47, 5, 176, 6, 1, 105, 180, 1, 0, 0
top_repos/public_drown_scanner, 27, 4511, 568, 55, 0, 94, 182, 802, 215, 41, 444, 42, 0, 1, 431, 8, 0, 2
top_repos/pyvmomi-community-samples, 84, 10391, 1088, 1102, 113, 31, 0, 0, 43, 0, 1, 19, 0, 0, 0, 0, 0, 1
bottom_repos/lesson08j, 5, 122, 16, 17, 0, 0, 4, 0, 0, 1, 0, 0, 0, 0, 0, 0, 0, 0
top_repos/calibre, 1377, 440680, 38266, 28503, 4021, 25, 9669, 308056, 1101, 4367, 28417, 2199, 1, 11028, 12, 319, 0, 1047
top_repos/moviecatcher, 25, 1727, 107, 0, 0, 6, 2, 1185, 20, 2, 73, 18, 0, 1225, 47, 5, 0, 0
top_repos/crab, 55, 8686, 635, 1772, 2737, 55, 431, 411, 6, 1, 518, 6, 0, 0, 5, 1, 0, 0
top_repos/probtorch, 28, 2752, 274, 440, 599, 134, 0, 0, 8, 6, 20, 0, 0, 0, 0, 0, 0, 0
top_repos/UNIT, 7, 1601, 180, 47, 210, 43, 31, 38, 17, 4, 239, 1, 0, 0, 3, 2, 0, 0
top_repos/toolz, 49, 6988, 421, 1399, 2782, 94, 6, 57, 7, 4, 35, 13, 0, 0, 0, 2, 0, 0
top_repos/gmusicapi, 33, 19176, 1197, 2617, 1517, 62, 6, 517, 9, 39, 1280, 6, 0, 0, 0, 0, 0, 2
top_repos/mx-rcnn, 51, 6389, 677, 595, 518, 141, 11, 179, 20, 0, 717, 15, 0, 0, 0, 3, 0, 0
top_repos/django-hijack, 32, 1410, 30, 90, 667, 24, 2, 0, 5, 1, 97, 0, 0, 0, 3, 1, 0, 0
top_repos/django-avatar, 30, 1897, 221, 70, 309, 23, 7, 43, 1, 1, 41, 1, 0, 0, 0, 0, 0, 0
top_repos/django-compressor, 59, 6237, 473, 704, 2808, 64, 22, 37, 7, 8, 308, 2, 0, 0, 0, 0, 0, 0
top_repos/ros, 77, 12643, 2637, 2233, 2985, 10, 396, 940, 401, 29, 659, 111, 0, 0, 583, 19, 0, 8
top_repos/netaddr, 53, 10716, 737, 1868, 3581, 26, 74, 178, 36, 20, 227, 20, 0, 0, 0, 4, 0, 2
top_repos/deap, 122, 15956, 2091, 3166, 544, 116, 64, 421, 459, 35, 572, 35, 0, 1, 746, 20, 0, 201
top_repos/django-websocket-redis, 35, 2529, 340, 242, 386, 44, 9, 451, 3, 29, 185, 3, 0, 0, 6, 1, 0, 0
top_repos/Deep-Feature-Flow, 94, 13693, 1541, 1848, 1240, 147, 60, 1674, 109, 71, 2047, 13, 0, 1, 32, 13, 0, 3
top_repos/HamlPy, 20, 2109, 100, 42, 873, 0, 18, 147, 56, 0, 123, 6, 0, 1, 92, 2, 0, 6
top_repos/AngelSword, 454, 14989, 852, 13, 35, 25, 54, 1125, 674, 0, 1761, 364, 0, 0, 330, 1, 0, 36
top_repos/pony, 113, 31675, 949, 487, 9237, 32, 349, 1753, 2544, 55, 2210, 2080, 0, 3, 22, 2, 0, 10
top_repos/django-sspanel, 52, 4565, 199, 8, 198, 53, 0, 0, 0, 0, 148, 6, 0, 0, 3, 0, 0, 0
top_repos/apistar, 60, 7758, 160, 312, 1883, 54, 0, 108, 1, 0, 231, 0, 0, 0, 0, 0, 0, 17
top_repos/pupy, 392, 56318, 3357, 3494, 0, 136, 1450, 6175, 1200, 202, 3227, 655, 0, 2577, 465, 45, 0, 182
top_repos/pykafka, 56, 14820, 1340, 3804, 3420, 166, 9, 34, 14, 0, 736, 13, 0, 0, 0, 1, 0, 0
top_repos/sketch-to-react-native, 7, 1680, 146, 242, 0, 181, 411, 20, 13, 0, 20, 3, 0, 1, 21, 2, 0, 0
top_repos/pygal, 78, 13858, 1934, 859, 4492, 38, 3, 46, 0, 0, 1, 1, 0, 0, 0, 0, 18, 9
top_repos/tensorboard-pytorch, 54, 6812, 561, 551, 153, 71, 12, 305, 43, 91, 387, 6, 0, 0, 8, 2, 0, 0
top_repos/droopescan, 38, 7644, 83, 673, 3548, 359, 246, 33, 140, 2, 294, 92, 0, 0, 8, 24, 0, 8
top_repos/odo, 83, 15686, 822, 1878, 6192, 76, 54, 66, 60, 191, 108, 16, 0, 1, 0, 1, 0, 59
top_repos/ottertune, 65, 11561, 1524, 514, 1559, 9, 1, 1, 0, 2, 542, 0, 0, 0, 2, 0, 0, 2
top_repos/Rewrite, 4, 539, 18, 18, 0, 107, 1, 0, 0, 0, 38, 0, 0, 0, 0, 0, 0, 0
top_repos/Sublimall, 80, 15211, 4464, 1465, 0, 21, 3907, 75321, 27, 2, 2980, 10, 0, 0, 19, 2, 0, 33
top_repos/audio-reactive-led-strip, 7, 915, 73, 224, 0, 187, 3, 7, 8, 0, 9, 0, 0, 0, 4, 0, 0, 0
top_repos/ufora, 518, 81969, 7951, 6687, 37841, 15, 672, 4016, 2078, 18, 3928, 315, 0, 627, 367, 435, 0, 35
top_repos/bayeslite, 150, 34235, 4152, 1856, 12778, 47, 1813, 1457, 1130, 3, 182, 63, 0, 389, 158, 45, 0, 30
top_repos/gargoyle, 35, 3589, 359, 301, 1356, 13, 6, 42, 18, 2, 149, 2, 0, 0, 2, 0, 0, 0
top_repos/rubber-docker, 14, 1934, 429, 98, 0, 58, 0, 0, 0, 0, 5, 0, 0, 0, 0, 0, 0, 0
top_repos/django-hstore, 34, 4546, 521, 174, 1934, 27, 0, 0, 2, 0, 274, 2, 0, 0, 0, 0, 0, 3
top_repos/splash, 79, 25513, 1084, 6897, 11404, 30, 79, 138, 33, 21, 594, 9, 0, 0, 30, 7, 0, 11
top_repos/malcom, 68, 7452, 458, 119, 38, 166, 59, 155, 122, 11, 452, 28, 0, 1433, 42, 7, 0, 12
top_repos/sprunge, 1, 160, 4, 24, 0, 12, 0, 1, 7, 0, 2, 1, 0, 0, 0, 0, 0, 0
top_repos/i3wm-themer, 12, 354, 9, 0, 0, 105, 4, 174, 13, 0, 49, 4, 0, 0, 0, 2, 0, 0
top_repos/easy-thumbnails, 50, 5764, 383, 1067, 1980, 92, 4, 37, 2, 1, 35, 3, 0, 0, 1, 0, 0, 2
top_repos/tensorflow-value-iteration-networks, 4, 297, 64, 0, 0, 26, 1, 38, 7, 0, 49, 2, 0, 0, 1, 0, 0, 0
top_repos/Infosec_Reference, 1, 217, 115, 0, 0, 74, 6, 0, 1, 1, 0, 0, 0, 0, 0, 1, 0, 0
top_repos/schedule, 4, 1272, 260, 213, 331, 47, 0, 0, 2, 0, 1, 0, 0, 0, 0, 0, 0, 0
top_repos/dotbot, 20, 782, 14, 0, 0, 314, 31, 4, 15, 4, 26, 6, 0, 0, 0, 0, 0, 0
top_repos/apt2, 63, 5525, 706, 28, 98, 126, 44, 65, 15, 0, 518, 20, 0, 2, 29, 1, 0, 22
top_repos/flask-restful, 25, 5939, 352, 673, 3403, 7, 13, 63, 28, 0, 200, 5, 0, 0, 0, 3, 0, 0
top_repos/cnn_finetune, 15, 2504, 252, 136, 0, 50, 59, 627, 33, 0, 305, 0, 0, 0, 90, 5, 0, 0
top_repos/mujoco-py, 36, 5143, 420, 633, 1371, 80, 85, 4, 19, 1, 146, 5, 0, 4, 2, 0, 0, 0
top_repos/django-notification, 0, 0, 0, 0, 0, 1, 0, 0, 0, 0, 0, 0, 0, 0, 0, 0, 0, 0
top_repos/taurus, 150, 44391, 870, 3374, 16314, 29, 11, 19, 21, 4, 3726, 17, 0, 0, 34, 15, 0, 26
top_repos/GDriveFS, 30, 5109, 464, 224, 0, 347, 79, 111, 35, 0, 73, 69, 0, 0, 297, 7, 0, 2
top_repos/ds4drv, 26, 2615, 95, 98, 0, 143, 6, 19, 13, 0, 5, 3, 0, 66, 0, 4, 0, 0
top_repos/screenkey, 1, 38, 1, 4, 0, 323, 1, 0, 0, 0, 1, 0, 0, 0, 0, 0, 0, 0
top_repos/QQRobot, 2, 758, 66, 0, 0, 54, 1, 113, 13, 0, 45, 5, 0, 0, 0, 0, 0, 6
top_repos/sanitizers, 4, 1146, 145, 130, 175, 9, 207, 43, 12, 0, 10, 17, 0, 1, 3, 0, 0, 19
top_repos/twittor, 2, 413, 33, 22, 0, 161, 4, 0, 2, 0, 13, 5, 0, 0, 0, 0, 0, 0
top_repos/webcam-pulse-detector, 7, 781, 40, 97, 0, 67, 8, 116, 10, 2, 7, 1, 0, 0, 23, 0, 0, 0
top_repos/MMdnn, 132, 31773, 1995, 1687, 2707, 128, 940, 2984, 1028, 19, 2397, 146, 0, 0, 50, 9, 0, 1
top_repos/pyicloud, 16, 2038, 36, 84, 10, 186, 0, 0, 1, 0, 0, 2, 0, 0, 0, 0, 0, 0
top_repos/BicaVM, 20, 8423, 498, 2169, 52, 19, 57, 136, 260, 34, 180, 90, 0, 0, 899, 2, 0, 29
top_repos/Nscan, 30, 2091, 89, 0, 0, 196, 153, 193, 123, 0, 28, 4, 0, 660, 27, 0, 0, 0
top_repos/neural-storyteller, 6, 1413, 92, 176, 0, 87, 0, 95, 56, 6, 63, 19, 0, 0, 1, 5, 0, 0
top_repos/records, 9, 963, 72, 125, 291, 111, 3, 7, 12, 0, 11, 5, 0, 0, 0, 0, 0, 0
top_repos/auto-sklearn, 275, 33290, 2019, 2051, 10099, 11, 216, 220, 123, 36, 793, 27, 0, 0, 161, 40, 0, 13
top_repos/effectivepython, 95, 7298, 2117, 75, 39, 6, 2, 5, 194, 62, 1, 35, 0, 0, 9, 2, 0, 0
top_repos/dateparser, 331, 71976, 1728, 344, 7680, 398, 1, 60, 4, 1, 2376, 8, 0, 0, 280, 1, 0, 75
top_repos/flare-fakenet-ng, 28, 9739, 912, 982, 896, 713, 99, 144, 116, 11, 375, 19, 0, 1, 186, 4, 0, 34
top_repos/sublime-text-git, 17, 2355, 201, 4, 0, 32, 0, 0, 0, 0, 131, 0, 0, 0, 0, 0, 0, 2
top_repos/chardet, 48, 38960, 34869, 226, 147, 49, 1534, 26748, 12, 0, 1635, 1, 0, 0, 1, 15, 0, 0
top_repos/flask-celery-example, 1, 124, 9, 2, 0, 17, 0, 0, 0, 0, 0, 0, 0, 0, 0, 0, 0, 0
top_repos/nzbhydra, 1110, 389468, 38645, 67749, 13144, 98, 5916, 110327, 4877, 409, 8957, 1704, 0, 0, 907, 72, 0, 924
top_repos/needle, 21, 1453, 199, 210, 436, 36, 0, 42, 13, 19, 54, 1, 0, 0, 10, 3, 0, 0
top_repos/DeepVideoAnalytics, 442, 83962, 5856, 16607, 27193, 0, 10138, 1363, 219, 131, 2885, 190, 0, 0, 208, 26, 0, 16
top_repos/Mailu, 54, 3301, 118, 254, 0, 28, 66, 7, 17, 40, 61, 10, 0, 2, 1, 3, 0, 3
top_repos/catt, 10, 1299, 44, 135, 47, 78, 0, 0, 0, 0, 97, 0, 0, 0, 0, 0, 0, 1
top_repos/pycodestyle, 41, 6645, 1084, 1341, 921, 79, 0, 0, 0, 0, 0, 0, 0, 0, 0, 0, 0, 0
top_repos/git-sweep, 15, 1224, 42, 258, 731, 135, 27, 10, 0, 2, 0, 1, 0, 0, 2, 0, 0, 0
top_repos/Pyrebase, 11, 952, 46, 14, 158, 290, 0, 1, 1, 0, 41, 2, 0, 0, 2, 0, 0, 0
top_repos/shipper, 20, 1613, 48, 235, 368, 63, 0, 0, 0, 0, 0, 6, 0, 0, 0, 1, 0, 0
top_repos/python-daemon, 3, 360, 22, 24, 79, 32, 0, 0, 0, 0, 0, 0, 0, 0, 0, 0, 0, 0
top_repos/pghoard, 61, 11225, 630, 503, 3464, 496, 0, 0, 1, 0, 1224, 2, 0, 0, 0, 0, 0, 0
top_repos/the-gan-zoo, 1, 53, 1, 4, 0, 361, 0, 0, 0, 0, 0, 0, 0, 0, 0, 0, 0, 0
top_repos/exercises-in-programming-style, 46, 2962, 454, 153, 0, 40, 20, 265, 243, 46, 79, 91, 0, 0, 103, 27, 0, 34
top_repos/LFISuite, 3, 2793, 179, 172, 0, 42, 127, 668, 121, 9, 227, 22, 0, 1417, 17, 1, 0, 3
top_repos/syncthing-gtk, 36, 10816, 1122, 1380, 0, 50, 253, 629, 136, 30, 351, 215, 0, 9745, 879, 5, 0, 5
top_repos/BitcoinExchangeFH, 50, 9457, 386, 1788, 591, 180, 141, 112, 29, 0, 791, 1, 0, 6, 40, 19, 0, 9
top_repos/FIR, 183, 9438, 279, 143, 388, 22, 14, 1222, 31, 4, 877, 8, 0, 5, 11, 2, 0, 10
top_repos/isso, 37, 5441, 314, 645, 1406, 7, 0, 39, 0, 50, 112, 0, 0, 0, 0, 0, 0, 6
top_repos/pdfx, 13, 1310, 153, 140, 46, 116, 0, 0, 1, 18, 1, 0, 0, 0, 0, 0, 0, 0
top_repos/faster_rcnn_pytorch, 62, 10984, 1584, 804, 164, 68, 115, 356, 91, 8, 647, 33, 0, 0, 47, 3, 0, 9
top_repos/blaze, 133, 33448, 1185, 4506, 14406, 114, 105, 104, 199, 165, 240, 72, 0, 1, 3, 4, 0, 5
top_repos/pytorch-seq2seq, 38, 2788, 256, 485, 802, 74, 24, 15, 29, 0, 303, 4, 0, 0, 0, 1, 0, 0
top_repos/rwa, 51, 5834, 2082, 12, 0, 23, 160, 533, 82, 40, 645, 26, 0, 1820, 5, 49, 0, 0
top_repos/OpenWorm, 1, 253, 10, 47, 0, 62, 10, 5, 2, 9, 20, 2, 0, 0, 28, 0, 0, 1
top_repos/fake-useragent, 14, 1508, 211, 6, 639, 167, 6, 45, 0, 0, 0, 0, 0, 0, 0, 0, 0, 0
top_repos/textacy, 72, 14337, 774, 4595, 2946, 49, 10, 47, 2, 7, 1296, 2, 0, 0, 0, 0, 0, 20
top_repos/dstat, 103, 8394, 729, 299, 56, 11, 119, 899, 175, 11, 421, 434, 0, 5, 36, 3, 0, 246
top_repos/basiccoin, 18, 2413, 117, 31, 0, 18, 42, 910, 256, 15, 94, 192, 0, 0, 48, 7, 0, 0
top_repos/adminset, 135, 6535, 328, 156, 313, 65, 21, 122, 5, 4, 333, 3, 0, 0, 20, 13, 0, 4
top_repos/geeknote, 22, 4228, 171, 267, 708, 283, 31, 35, 23, 1, 98, 16, 0, 0, 14, 0, 0, 7
top_repos/django-threadedcomments, 30, 1779, 93, 192, 448, 108, 0, 29, 7, 0, 100, 0, 0, 0, 7, 1, 0, 0
top_repos/Blasting_dictionary, 2, 138, 10, 0, 0, 2, 0, 62, 4, 1, 1, 2, 0, 0, 99, 0, 0, 0
top_repos/python-basic, 27, 541, 60, 41, 0, 24, 1, 137, 35, 0, 2, 0, 0, 0, 14, 6, 0, 0
top_repos/face2face-demo, 4, 506, 72, 3, 0, 110, 0, 0, 0, 1, 62, 0, 0, 0, 0, 0, 0, 0
top_repos/pymodbus, 136, 24601, 2951, 3518, 4824, 131, 128, 1665, 196, 74, 373, 152, 0, 395, 208, 21, 0, 28
top_repos/django-treebeard, 24, 7366, 503, 932, 2740, 38, 23, 50, 8, 24, 36, 2, 0, 0, 1, 1, 0, 7
top_repos/nude.py, 4, 514, 42, 15, 16, 41, 0, 0, 4, 0, 104, 0, 0, 0, 0, 4, 0, 0
top_repos/keras-frcnn, 15, 2099, 118, 12, 248, 2, 14, 116, 28, 1, 206, 5, 0, 947, 38, 3, 0, 0
top_repos/robotframework, 579, 62375, 4265, 10475, 17307, 112, 121, 730, 285, 65, 1207, 102, 0, 0, 46, 22, 0, 150
top_repos/Nyspider, 357, 51383, 569, 66, 22, 72, 8671, 23200, 1467, 0, 2790, 1861, 0, 115, 94, 33, 0, 308
top_repos/boltons, 64, 18250, 1069, 5096, 3402, 75, 11, 89, 24, 6, 85, 52, 0, 0, 0, 0, 0, 17
top_repos/nodeenv, 5, 1787, 120, 470, 242, 189, 0, 0, 0, 0, 0, 0, 0, 0, 0, 0, 0, 30
top_repos/cowrie, 116, 17621, 1219, 3232, 385, 61, 233, 371, 712, 25, 664, 160, 0, 9, 5, 43, 0, 11
top_repos/django-analytical, 61, 4953, 71, 828, 2193, 110, 0, 0, 0, 0, 134, 0, 0, 0, 0, 0, 0, 3
top_repos/pwntools, 209, 72845, 2421, 10313, 65, 39, 646, 41319, 770, 30, 1164, 124, 0, 69, 39, 4, 0, 19
top_repos/Artificial-Intelligence-Deep-Learning-Machine-Learning-Tutorials, 1130, 227187, 23053, 41597, 45017, 612, 39129, 2793, 671, 176, 3630, 597, 0, 307, 693, 57, 0, 57
top_repos/hyde, 76, 11897, 520, 2891, 4155, 127, 8, 48, 5, 0, 0, 5, 0, 0, 0, 0, 0, 94
top_repos/wxBot, 4, 1653, 92, 119, 30, 189, 9, 89, 8, 0, 131, 7, 0, 0, 1, 1, 0, 2
top_repos/django-adminplus, 7, 293, 3, 26, 169, 84, 0, 2, 0, 0, 0, 2, 0, 0, 0, 0, 0, 0
top_repos/governor, 8, 643, 9, 9, 0, 80, 3, 0, 12, 5, 69, 3, 0, 0, 0, 0, 0, 1
top_repos/fuck12306, 1, 161, 14, 0, 0, 39, 0, 25, 2, 0, 4, 1, 0, 0, 0, 0, 0, 0
top_repos/DeepPavlov, 171, 16929, 433, 3295, 275, 361, 66, 98, 17, 90, 1160, 8, 0, 0, 22, 14, 0, 13
top_repos/asciidots, 16, 1891, 107, 150, 0, 2, 0, 4, 2, 4, 92, 6, 0, 0, 2, 0, 0, 2
top_repos/bitey, 19, 711, 71, 14, 97, 301, 13, 125, 27, 11, 2, 1, 0, 0, 15, 8, 0, 0
top_repos/docker-android, 14, 583, 9, 42, 249, 232, 0, 0, 3, 0, 34, 0, 0, 0, 0, 0, 0, 1
top_repos/azure-cli, 1006, 145946, 11296, 17130, 40319, 119, 40, 116, 200, 0, 23182, 19, 0, 1, 414, 5, 0, 21
top_repos/futuquant, 117, 26589, 1359, 1978, 458, 83, 45, 1186, 118, 331, 990, 6, 0, 9, 81, 35, 0, 0
top_repos/unimatrix, 2, 780, 71, 72, 0, 135, 0, 3, 0, 0, 2, 0, 0, 0, 0, 0, 0, 3
top_repos/OnlineJudge, 157, 9617, 284, 290, 1550, 51, 0, 0, 0, 3, 664, 0, 0, 0, 0, 0, 0, 6
top_repos/structlog, 38, 6250, 351, 1608, 3095, 82, 0, 0, 0, 0, 2, 0, 0, 0, 0, 0, 0, 13
top_repos/textgenrnn, 7, 837, 34, 5, 0, 84, 0, 0, 0, 0, 0, 0, 0, 0, 0, 0, 0, 1
top_repos/django-storages, 24, 4850, 412, 275, 1960, 55, 0, 46, 0, 2, 140, 0, 0, 0, 0, 0, 0, 0
top_repos/wavenet_vocoder, 23, 3573, 371, 315, 529, 167, 7, 14, 1, 26, 120, 8, 0, 0, 9, 1, 0, 0
top_repos/interpy-zh, 27, 542, 16, 16, 0, 40, 4, 24, 69, 1, 3, 3, 0, 245, 3, 4, 0, 0
top_repos/kaggle, 3, 302, 15, 0, 0, 52, 2, 11, 23, 4, 16, 0, 0, 0, 0, 0, 0, 0
top_repos/undebt, 55, 2546, 91, 430, 1467, 33, 0, 0, 0, 0, 34, 0, 0, 0, 0, 0, 0, 0
top_repos/pritunl, 245, 41849, 1042, 2627, 1338, 216, 1251, 92, 815, 17, 149, 179, 0, 17, 36, 1, 0, 8
top_repos/sparta, 31, 10400, 1114, 0, 0, 59, 302, 1601, 149, 31, 1132, 113, 0, 6937, 1123, 6, 0, 26
top_repos/slackbot-workout, 3, 427, 47, 0, 0, 24, 2, 33, 17, 0, 21, 1, 0, 0, 0, 1, 0, 0
top_repos/django-crispy-forms, 32, 5822, 366, 717, 2902, 43, 18, 41, 11, 3, 278, 3, 0, 0, 1, 1, 0, 6
top_repos/Hasklig, 1, 201, 22, 8, 0, 103, 0, 4, 0, 0, 13, 0, 0, 125, 0, 0, 0, 0
top_repos/django-schedule, 35, 3831, 295, 350, 555, 42, 96, 475, 82, 3, 199, 6, 0, 0, 99, 8, 0, 1
top_repos/kubespray, 10, 58855, 34130, 56540, 241, 131, 20, 16, 10, 1, 29, 3, 0, 0, 0, 0, 0, 3
top_repos/Wikipedia, 12, 1629, 183, 50, 272, 74, 286, 146, 7, 1, 179, 5, 0, 0, 1, 0, 0, 5
top_repos/pygorithm, 115, 13344, 657, 3716, 4488, 76, 49, 322, 293, 0, 1038, 9, 0, 1, 1922, 2, 0, 0
top_repos/SmartQQBot, 26, 2632, 80, 209, 16, 69, 8, 3, 21, 7, 138, 9, 0, 0, 10, 3, 0, 4
top_repos/orator, 210, 33104, 403, 6931, 9467, 508, 2, 7, 5, 4, 1347, 10, 0, 0, 15, 21, 0, 24
top_repos/flask-admin, 150, 26634, 1540, 4403, 7351, 69, 8, 46, 32, 13, 803, 15, 0, 0, 1, 2, 0, 0
top_repos/convnet-benchmarks, 19, 2634, 227, 44, 0, 129, 181, 1061, 55, 2, 112, 3, 0, 6, 8, 4, 0, 0
top_repos/kq, 18, 1939, 286, 335, 711, 112, 0, 0, 0, 0, 0, 0, 0, 0, 0, 0, 0, 0
top_repos/tosheets, 3, 245, 6, 30, 0, 53, 17, 11, 7, 10, 11, 4, 0, 0, 11, 1, 0, 0
top_repos/blockade, 32, 6509, 779, 204, 2445, 118, 28, 49, 4, 0, 62, 9, 0, 0, 1, 1, 0, 0
top_repos/vyper, 168, 18930, 986, 6803, 13153, 45, 177, 23, 13, 3, 1404, 7, 0, 0, 5, 0, 0, 0
top_repos/Deformable-ConvNets, 165, 32839, 2934, 3671, 2059, 205, 70, 805, 174, 137, 8296, 30, 0, 4, 17, 32, 0, 0
top_repos/mongo-python-driver, 149, 58742, 4888, 9070, 29313, 147, 64, 69, 74, 521, 183, 43, 0, 0, 4, 0, 0, 2
top_repos/django-zappa, 15, 964, 90, 67, 181, 3, 26, 20, 6, 2, 28, 1, 0, 0, 0, 0, 0, 3
top_repos/django-reversion, 37, 3889, 375, 71, 1292, 38, 0, 0, 0, 0, 211, 0, 0, 0, 0, 0, 0, 2
top_repos/attrs, 26, 7337, 220, 1670, 4110, 86, 0, 0, 0, 0, 0, 0, 0, 0, 0, 0, 0, 5
top_repos/WinPwnage, 29, 2083, 1, 439, 0, 18, 159, 198, 62, 0, 124, 33, 0, 1343, 145, 0, 0, 171
top_repos/pidcat, 1, 361, 24, 0, 0, 37, 121, 11, 12, 1, 31, 3, 0, 0, 1, 0, 0, 0
top_repos/pyrsistent, 41, 9981, 381, 1597, 4634, 523, 19, 69, 206, 1, 346, 42, 0, 0, 46, 2, 0, 0
top_repos/king-phisher, 140, 30194, 4326, 5416, 306, 96, 15, 64, 675, 130, 1893, 41, 0, 20291, 8, 1, 0, 10
top_repos/sympy, 1225, 534275, 23494, 128514, 160557, 184, 6466, 19756, 4768, 412, 27214, 1590, 0, 0, 0, 2, 0, 17
top_repos/WechatSogou, 21, 2486, 200, 638, 752, 355, 0, 2, 0, 0, 212, 1, 0, 0, 0, 0, 0, 10
top_repos/Mobile-Security-Framework-MobSF, 117, 83846, 2191, 475, 349, 83, 74, 194, 258, 10, 1134, 153, 0, 84, 26, 1, 0, 24
top_repos/xlsx2csv, 2, 1074, 87, 19, 0, 74, 22, 136, 12, 1, 97, 13, 0, 0, 0, 0, 0, 14
top_repos/PINCE, 54, 13317, 710, 1663, 135, 180, 16, 190, 33, 16, 1794, 54, 0, 0, 5, 33, 0, 4
top_repos/aminator, 53, 5405, 1020, 456, 185, 75, 8, 42, 2, 1, 339, 9, 0, 0, 1, 0, 0, 0
top_repos/tacotron, 28, 1871, 108, 0, 155, 121, 656, 7, 23, 1, 157, 4, 0, 0, 0, 2, 0, 0
top_repos/Source-Code-from-Tutorials, 188, 26051, 836, 19, 10, 22, 26, 6690, 1410, 0, 904, 145, 2, 12, 1694, 52, 0, 2
top_repos/XwareDesktop, 122, 14441, 755, 866, 1302, 29, 0, 889, 8, 39, 281, 21, 0, 0, 0, 0, 0, 20
top_repos/samplemod, 9, 329, 154, 5, 33, 7, 6, 42, 1, 2, 10, 0, 0, 0, 2, 1, 0, 0
top_repos/raspberry_pwn, 897, 211196, 17983, 16545, 2264, 113, 11979, 96332, 4820, 408, 13870, 2605, 0, 13483, 4472, 279, 0, 914
top_repos/deepfakes_faceswap, 8, 447, 20, 19, 0, 22, 0, 284, 18, 0, 16, 1, 0, 0, 1, 4, 0, 0
top_repos/doitlive, 21, 2121, 163, 98, 593, 52, 5, 5, 29, 1, 38, 0, 0, 0, 1, 0, 0, 0
top_repos/pointer-generator, 10, 2198, 485, 417, 0, 60, 666, 243, 27, 0, 388, 14, 0, 0, 0, 0, 0, 1
top_repos/scrapy-splash, 24, 2846, 208, 243, 1439, 524, 16, 8, 8, 1, 35, 0, 0, 0, 3, 1, 0, 0
top_repos/yellowbrick, 158, 26365, 3946, 8024, 8565, 112, 76, 887, 73, 35, 499, 16, 0, 1, 51, 4, 0, 0
top_repos/oauthlib, 125, 17904, 1409, 5133, 6865, 88, 339, 50, 30, 5, 753, 11, 0, 0, 15, 0, 0, 1
top_repos/paho.mqtt.python, 59, 7025, 779, 900, 1097, 941, 0, 0, 0, 0, 0, 0, 59, 0, 0, 0, 0, 0
top_repos/gluon-nlp, 108, 26789, 2407, 6915, 3227, 99, 59, 128, 64, 3, 2128, 19, 0, 0, 2, 5, 0, 0
top_repos/bleach, 16, 3931, 475, 488, 1924, 80, 6, 30, 0, 0, 127, 2, 0, 0, 0, 0, 0, 15
top_repos/model_mommy, 32, 4009, 289, 106, 1874, 26, 69, 165, 20, 17, 165, 9, 0, 0, 3, 1, 0, 0
top_repos/arctic-captions, 9, 2174, 245, 197, 0, 31, 18, 166, 38, 0, 182, 8, 0, 0, 17, 0, 0, 1
top_repos/django-report-builder, 61, 5361, 168, 293, 1624, 30, 5, 5, 8, 0, 206, 4, 0, 0, 3, 0, 0, 4
top_repos/merlin, 114, 36913, 5730, 938, 235, 60, 1062, 9640, 751, 114, 6000, 135, 0, 0, 346, 15, 0, 26
top_repos/Dr0p1t-Framework, 22, 1124, 104, 10, 0, 89, 262, 702, 52, 4, 95, 29, 0, 375, 0, 0, 0, 25
top_repos/mssql-cli, 83, 12717, 616, 1049, 5008, 104, 29, 18, 3, 5, 436, 2, 0, 0, 1, 0, 0, 14
top_repos/weibospider, 85, 5071, 123, 260, 482, 69, 7, 24, 8, 10, 351, 0, 0, 5, 51, 15, 0, 1
top_repos/BruteXSS, 36, 15469, 1348, 3316, 163, 77, 91, 455, 279, 42, 78, 170, 0, 287, 61, 3, 0, 92
top_repos/spyder, 300, 73185, 7949, 7936, 12337, 182, 570, 1244, 474, 60, 589, 152, 0, 1, 1285, 12, 0, 25
top_repos/sequence_tagging, 9, 1354, 91, 359, 0, 66, 34, 53, 26, 0, 3, 2, 0, 0, 0, 1, 0, 0
top_repos/probability, 248, 66247, 7692, 17065, 28137, 133, 12647, 46, 63, 6, 766, 52, 0, 0, 0, 3, 0, 0
top_repos/django-notifications, 25, 1689, 104, 75, 513, 268, 0, 5, 1, 0, 159, 0, 0, 0, 0, 0, 0, 0
top_repos/web2py, 400, 132536, 9817, 14326, 12230, 71, 23960, 11685, 745, 265, 7203, 673, 0, 76, 817, 59, 0, 698
top_repos/shuup, 1297, 138937, 11617, 8912, 46074, 54, 44, 284, 107, 0, 9079, 60, 0, 0, 3, 1, 0, 61
top_repos/data-integration, 35, 3498, 117, 535, 0, 101, 5, 4, 8, 1, 582, 10, 0, 0, 23, 3, 0, 3
top_repos/ShellPop, 9, 888, 97, 107, 0, 131, 11, 44, 84, 0, 74, 1, 0, 35, 32, 1, 0, 0
top_repos/glacier-cli, 3, 976, 111, 9, 174, 220, 11, 2, 6, 0, 7, 2, 0, 0, 0, 0, 0, 0
top_repos/ctf-wiki, 5, 90, 9, 0, 0, 57, 0, 9, 0, 1, 7, 0, 0, 0, 3, 0, 0, 0
top_repos/PopClip-Extensions, 350, 71833, 18897, 8288, 21, 252, 15658, 301462, 205, 42, 12202, 163, 0, 170, 151, 7, 0, 269
top_repos/a-file-icon, 22, 2595, 487, 357, 0, 116, 0, 0, 0, 0, 10, 3, 0, 0, 0, 0, 0, 0
top_repos/variational-text-tensorflow, 9, 759, 17, 37, 0, 30, 200, 9, 15, 0, 48, 6, 0, 0, 2, 0, 0, 2
top_repos/Kaggle-Ensemble-Guide, 6, 248, 12, 0, 0, 91, 93, 99, 11, 0, 12, 0, 0, 0, 3, 0, 0, 0
top_repos/rumps, 18, 2151, 276, 395, 0, 77, 6, 52, 28, 10, 242, 3, 0, 0, 0, 0, 0, 0
top_repos/aiofiles, 18, 1745, 55, 86, 1402, 126, 0, 2, 3, 0, 3, 0, 0, 0, 1, 4, 0, 1
top_repos/changeme, 38, 2988, 96, 88, 0, 50, 3, 19, 44, 0, 199, 6, 0, 0, 5, 7, 0, 10
top_repos/GetOldTweets-python, 14, 485, 15, 0, 0, 88, 4, 22, 10, 3, 32, 2, 0, 388, 71, 0, 0, 0
top_repos/faster-rcnn.pytorch, 77, 8389, 1120, 423, 330, 179, 0, 0, 0, 0, 0, 0, 77, 0, 0, 0, 0, 0
top_repos/whatsappcli, 12, 548, 25, 81, 0, 23, 0, 33, 13, 1, 69, 4, 0, 0, 4, 0, 0, 10
